time,x,y,z,phi,theta,psi,x_velocity,y_velocity,z_velocity,phi_velocity,theta_velocity,psi_velocity,rotor_speed1,rotor_speed2,rotor_speed3,rotor_speed4
0.06,-4.85496541728e-07,-4.96306001697e-08,10.0031432888,6.28311108627,0.000414105038351,0.0,-4.02258880402e-05,-5.34043718234e-06,0.104771680908,-0.00383372775373,0.0180043920795,0.0,439.2864588131922,440.77655116431026,436.9443911693588,436.62475380495295
0.12000000000000001,-1.66872426646e-05,-2.91391479505e-06,10.0143527228,6.28297871183,0.0013701046994,0.0,-0.000613744184806,-0.000110132397737,0.268850954525,0.000864982736013,0.0114313662626,0.0,456.4922198536957,455.9674043361318,457.18745068553227,457.56165008453615
0.18,-8.31628372559e-05,-1.32377610292e-05,10.0325711995,3.21834162236e-05,0.00216164393426,0.0,-0.0016743161101,-0.000219205143487,0.3384129056,0.00957682983529,0.0165000412937,0.0,426.8606671392472,427.2928105615274,426.99671801343624,427.73908338028895
0.23999999999999996,-0.000234367475351,-2.34636202839e-05,10.05686922,0.000304082738522,0.00311761577823,0.0,-0.00346977540125,-7.360192186e-05,0.471474712304,-0.00818980085043,0.0147737317454,0.0,448.10883051665564,447.9684039842701,447.5020059814473,446.0536412349261
0.3,-0.000503355034239,-2.38552190928e-05,10.0859845955,6.28310537784,0.00416623478826,0.0,-0.00558519650689,2.07942946283e-05,0.499025635743,-0.00304175297162,0.0223986533706,0.0,413.7494993562886,414.4201088110142,412.7226317249673,413.17677629759436
0.36000000000000004,-0.000929194125186,-2.48860457576e-05,10.1187443155,6.28298319357,0.00581224577402,0.0,-0.00876194307236,-7.04799162348e-05,0.592919744192,-9.77899749961e-05,0.0359675931989,0.0,435.1676945798391,436.3020610953072,434.6152718136932,434.8619516012227
0.4200000000000001,-0.0015898183693,-3.34717006137e-05,10.1581855217,6.28299775002,0.00878676467155,0.0,-0.0135403092277,-0.000215222763564,0.721712218272,0.00091491711519,0.0681518962249,0.0,444.65216406729775,447.28198111404447,446.6512224629385,446.73378888133936
0.48000000000000015,-0.00261820422841,-5.02632831214e-05,10.2064536657,6.28259900999,0.0129259070401,0.0,-0.0211976817974,-0.000355090603139,0.887107073133,-0.0294512991899,0.070602432929,0.0,458.0102008508969,458.20847745653504,458.58835245672014,456.1703030306241
0.5400000000000001,-0.00420189530918,-9.23595617016e-05,10.2647588849,6.28080354148,0.0172482018786,0.0,-0.0320705487393,-0.00124788688396,1.05625170638,-0.0308878599174,0.0747640334373,0.0,459.4523107301858,459.78590600177165,458.7383912339874,458.6240668327316
0.6000000000000002,-0.00657612835801,-0.000234777836014,10.3352813031,6.27899492835,0.022601776966,0.0,-0.0476802206668,-0.00372280195347,1.29424422146,-0.0286952502503,0.108596788893,0.0,479.21284836412354,481.7830021605337,479.1190371456114,479.28546887160746
0.6600000000000003,-0.00999275617908,-0.000563480033495,10.4186155241,6.27705889577,0.0291939759766,0.0,-0.066957019905,-0.00744210738551,1.48331663477,-0.0405882790013,0.112299914682,0.0,465.9416963354858,466.24112271145316,466.4203277232732,465.4903045828588
0.7200000000000003,-0.0146701652691,-0.00115267042774,10.5116324082,6.27441184718,0.0357399905897,0.0,-0.0896627789585,-0.0124668613631,1.61704100664,-0.0523205487505,0.101785833539,0.0,450.22820849116704,449.38710809410105,450.1668451696583,449.21545255915316
0.7800000000000004,-0.0206940030881,-0.00206389719822,10.6084572289,6.27143223691,0.0416547718307,0.0,-0.111651379332,-0.0181706311675,1.61043863462,-0.0448111337357,0.0912474680195,0.0,404.7656996943706,403.8256178498313,404.358421238953,405.0324693222067
0.8400000000000004,-0.0283310164584,-0.00342334127248,10.7093924877,6.26860510526,0.0468553519923,0.0,-0.143487987361,-0.0274397531914,1.7538293304,-0.0521859347694,0.0754655896312,0.0,453.77589871640055,452.5133086552976,453.5877790453331,452.9938816343512
0.9000000000000005,-0.037904900202,-0.0053757753323,10.8171657485,6.26498239828,0.0515070157467,0.0,-0.17609354901,-0.037965834694,1.83844965319,-0.086651473138,0.0813601082955,0.0,434.8383678061223,435.3367466360254,436.98796643558205,434.1024969113616
0.9600000000000005,-0.049806551466,-0.0081415732444,10.9352691041,6.25982113954,0.0559174724213,0.0,-0.221199926638,-0.0548686777431,2.09783987142,-0.0847897053544,0.0491893468903,0.0,490.10006687144767,487.706688751238,487.83487156905954,487.9684811819488
1.0200000000000005,-0.0642048049177,-0.0119178058994,11.0633914225,6.25449816394,0.0589402293653,0.0,-0.259028593995,-0.0715118972284,2.1727293769,-0.0980223440985,0.052658059238,0.0,433.15183136341585,433.44510211605353,434.50786440245037,433.39027079315287
1.0800000000000005,-0.0807989992999,-0.0167336880458,11.1937355505,6.24884250673,0.0622183723126,0.0,-0.294393209807,-0.0895185001344,2.17203779746,-0.0876414327767,0.0583221710584,0.0,408.9756732090652,409.48210739908177,408.29960045521136,409.21621747807325
1.1400000000000006,-0.100034937439,-0.0229862219778,11.3313458441,6.24349935125,0.0653702642742,0.0,-0.347189803486,-0.119533072617,2.41443159325,-0.0920336329321,0.037257691134,0.0,485.6112776867897,484.03016833323545,485.3429891534015,485.0073500894339
1.2000000000000006,-0.12237356296,-0.0310880593515,11.4813909656,6.23826220627,0.0675493700713,0.0,-0.397657213249,-0.151116379051,2.58664501162,-0.0791739652259,0.0343708994444,0.0,466.45221421423383,466.22725662224815,464.10721250022056,465.10938470077474
1.2600000000000007,-0.147616117617,-0.0410839391943,11.6392097236,6.23400447541,0.0694731991759,0.0,-0.443950152947,-0.182516538729,2.67373315165,-0.0582090539657,0.0269975495949,0.0,440.7912231975022,440.18186452886334,438.83971199469806,440.57237402631637
1.3200000000000007,-0.17553574381,-0.0529471580196,11.8002653357,6.23015257234,0.0710955021136,0.0,-0.486850235459,-0.213248873133,2.69469838777,-0.0801996834428,0.0271199105419,0.0,418.36226179635213,418.3731347443267,420.798155080436,418.88668875298407
1.3800000000000008,-0.206082727004,-0.0667464418021,11.9628919749,6.22528969701,0.0725384389636,0.0,-0.531522751609,-0.247166635912,2.72606589582,-0.0827996331889,0.0170653992076,0.0,422.4236996539901,421.5558835764366,423.66951823996686,423.44025195188533
1.4400000000000008,-0.239332369904,-0.082669033411,12.1273458478,6.22007805965,0.0733444333383,0.0,-0.576882957393,-0.284046314107,2.75560892345,-0.0965524433211,0.00494491859249,0.0,422.5988641509507,421.55271966219914,423.40854799746324,422.21692033934323
1.5000000000000009,-0.275654877099,-0.101197538852,12.2981460244,6.21482496079,0.0736065637136,0.0,-0.633870992782,-0.334165973088,2.93721449454,-0.0738540726995,0.00319097793634,0.0,471.0494644346543,470.9137301564519,468.9739313160147,470.7275123494666
1.560000000000001,-0.315341948249,-0.122791962903,12.4789980037,6.21016106954,0.0738931902257,0.0,-0.689033567942,-0.386117976916,3.09071951422,-0.0868993438472,0.007774463959,0.0,462.760553094017,463.1211234471052,463.6507358700544,462.6200705525713
1.620000000000001,-0.358050442029,-0.147314263417,12.6650514174,6.20455340533,0.0739696029604,0.0,-0.734614272493,-0.431771278153,3.1109448453,-0.111695872385,-0.0167351839385,0.0,423.177882104185,421.0627680651707,422.5575589577736,420.4061455600007
1.680000000000001,-0.403489136433,-0.174680444451,12.8522698578,6.19754296141,0.0731868422824,0.0,-0.779933091293,-0.481045422782,3.1295509771,-0.129871869812,-0.00653491253777,0.0,420.3071468354454,421.19037233078353,423.0964943419175,421.51536857265677
1.740000000000001,-0.451681038089,-0.205187949223,13.0412014712,6.18956419221,0.0726027534971,0.0,-0.826419124191,-0.536593736045,3.16797262075,-0.140050669461,-0.0170572911281,0.0,428.24029533981803,427.34439094047093,429.37230331718075,428.49078366339234
1.8000000000000012,-0.50281126851,-0.239388897998,13.2346161064,6.18203625385,0.072043177946,0.0,-0.877828502836,-0.604222962419,3.27875897203,-0.105988255887,0.00283747469099,0.0,452.01847907836174,453.61903721271875,449.61175935128654,452.3481604448585
1.8600000000000012,-0.55710388489,-0.277916529121,13.4358004852,6.17555425386,0.0727907764644,0.0,-0.931956742174,-0.680685861564,3.4268295031,-0.112469824826,0.0268856670107,0.0,463.14856583613874,465.03608360567466,464.63596147575345,464.11777391609183
1.9200000000000013,-0.614636583829,-0.321128443244,13.6454072766,6.16918442361,0.0752510959924,0.0,-0.986004370358,-0.760362206027,3.5595077983,-0.095860329164,0.0600652375751,0.0,459.4962029246561,462.1198636503642,460.0015162158208,461.3053717727635
1.9800000000000013,-0.675244862273,-0.368909070675,13.8599568531,6.1637971214,0.0789044546356,0.0,-1.03460466863,-0.832821358311,3.59190107082,-0.079801238878,0.0624878195045,0.0,429.21013146720367,429.4184789042094,430.401043728103,431.75099141316895
2.0400000000000014,-0.73897807127,-0.421343054818,14.078149534,6.15894295951,0.082757812352,0.0,-1.09020162784,-0.915424166823,3.68074608774,-0.0832004837952,0.0674827438004,0.0,448.9767568055999,449.3848133423544,448.6595018785555,448.3781912966081
2.1000000000000014,-0.806119134279,-0.478817284936,14.3015232887,6.15388583222,0.0875692193633,0.0,-1.14826656577,-1.00084482831,3.76459118166,-0.0865472699755,0.0978884851276,0.0,446.8727713664805,449.34940981575704,448.49265019697,448.2149677272154
2.1600000000000015,-0.876946600012,-0.54166178262,14.5309830817,6.14840282187,0.0929552264413,0.0,-1.21321916378,-1.09446802337,3.88344437529,-0.103420296495,0.0639274062554,0.0,461.8106537244367,459.12988776811454,460.4570228424538,459.11329086182127
2.2200000000000015,-0.952049145217,-0.610632476139,14.7703803049,6.14219678887,0.0968583698805,0.0,-1.29059365108,-1.20517924999,4.09545570041,-0.103461049204,0.0672114352572,0.0,488.36430823824634,488.61191089698826,489.93360837324707,489.92235913008324
2.2800000000000016,-1.03154543877,-0.685893779669,15.0189571732,6.13548440144,0.101103616212,0.0,-1.35967505866,-1.30411558643,4.18984330658,-0.139495493282,0.0770322211632,0.0,455.7305569580006,456.5185956962651,457.2272487115268,454.3353994157059
2.3400000000000016,-1.11550386709,-0.767565009222,15.2753357079,6.12710130126,0.105374646579,0.0,-1.43938024283,-1.41908330275,4.35513941878,-0.140167270104,0.0557036420378,0.0,478.6878279597065,477.06526888760305,479.78512551723884,479.71755876565925
2.4000000000000017,-1.20470441331,-0.856862918117,15.5449724155,6.11836495295,0.108759416233,0.0,-1.53428705972,-1.55841070774,4.63124464847,-0.159620982434,0.0577942218575,0.0,512.2331936048523,512.3835584449946,513.5272904779642,512.1283279713767
2.4600000000000017,-1.29890769331,-0.953569179193,15.8240787698,6.10895412184,0.1122466981,0.0,-1.60613324724,-1.66597005285,4.6717803853,-0.151814266973,0.0587674806562,0.0,444.88084749315243,444.9628797044246,445.60253633830706,446.21709452907965
2.520000000000002,-1.39805702443,-1.05777731373,16.1104725724,6.09974304826,0.115205211663,0.0,-1.69914767573,-1.80852532573,4.87336328006,-0.157158644671,0.0127617923322,0.0,497.0847308661811,493.7024973509015,495.8278491154073,495.415409297641
2.580000000000002,-1.50252792882,-1.1702492016,16.4061783609,6.09007297132,0.116013588755,0.0,-1.78324581926,-1.9414128625,4.98260617244,-0.170703211971,0.0148586004921,0.0,470.6988676914481,470.8610047362451,471.1587991208333,470.0869935860439
2.640000000000002,-1.61179350094,-1.29044769837,16.706086668,6.08001416563,0.116681164815,0.0,-1.8590028443,-2.06608747857,5.01378829109,-0.162151317875,0.00235977088689,0.0,448.2282213147558,447.21102436954686,448.29100030108305,448.9588262401361
2.700000000000002,-1.7256356482,-1.4183419842,17.0079469015,6.07040507659,0.11698275098,0.0,-1.93574528612,-2.19789568537,5.04764663309,-0.156429714591,0.00988776798043,0.0,449.8165091804134,450.42574437735806,450.07846739898196,450.5173602489705
2.760000000000002,-1.84427798643,-1.55465628049,17.3133069935,6.06195237555,0.117523221694,0.0,-2.01901506025,-2.34668373648,5.1301793743,-0.120538792876,0.00718719305883,0.0,466.8599120416732,466.6489917888222,465.39668969742513,468.179471731025
2.820000000000002,-1.96775555899,-1.69973495013,17.6221042041,6.05451744576,0.117567916309,0.0,-2.09692008635,-2.48989640357,5.1624932575,-0.131699351664,-0.0170264342157,0.0,452.94783570489335,450.9959870133329,453.8807802982822,452.9703217116622
2.880000000000002,-2.09551227522,-1.85278438341,17.9295126867,6.04686439659,0.116278797848,0.0,-2.16161103386,-2.61242341191,5.08446524903,-0.120337481944,-0.0323617152012,0.0,417.64932685600456,416.3092918519824,416.86696762421263,417.84273201184834
2.940000000000002,-2.22776281414,-2.01457694929,18.237435922,6.03943787134,0.114428655956,0.0,-2.24650415741,-2.78128316062,5.17873801735,-0.131724100242,-0.0279466271424,0.0,473.2470699100346,473.58658403252065,473.7619522805788,472.8725166770722
3.000000000000002,-2.36535532245,-2.18725291902,18.5533202084,6.03223665444,0.112604113798,0.0,-2.33962247677,-2.97519490599,5.34936108164,-0.103343503797,-0.0358540121622,0.0,499.0624861537315,498.48469297690303,496.4090358120175,498.475797119857
3.0600000000000023,-2.50799555978,-2.37061787075,18.8750628262,6.0256989322,0.110571858808,0.0,-2.41486059003,-3.13751267643,5.37482406681,-0.123609839037,-0.0301743305897,0.0,456.73348357446156,457.1858988736619,456.92592457991276,455.29664071050917
3.1200000000000023,-2.65501704326,-2.5636159939,19.1973721702,6.01818646401,0.108424461949,0.0,-2.48570525442,-3.29640567735,5.36836980789,-0.128608549484,-0.0504407422323,0.0,448.16725594780013,446.5159589732149,447.8877134893598,447.46673891673544
3.1800000000000024,-2.80671770044,-2.76741153518,19.5233469397,6.01074150673,0.106011428664,0.0,-2.57063367993,-3.49738601138,5.49620473017,-0.116301286467,-0.0251183317485,0.0,489.05824923883,490.94026820366304,490.3181004323914,491.21928154531133
3.2400000000000024,-2.9628130511,-2.98174968697,19.8509217631,6.00339534925,0.104362853669,0.0,-2.63248318361,-3.64787275474,5.42284790618,-0.138973619316,-0.0326660442522,0.0,429.6749140668946,429.03417577908357,429.3407580472844,427.3977169975965
3.3000000000000025,-3.12333182551,-3.20719081176,20.1807643146,5.9954342192,0.102288514922,0.0,-2.7178410441,-3.86746097403,5.57040944892,-0.122408086163,-0.0386860210511,0.0,499.1727880419702,498.73284143116075,498.7522414335808,499.9466348974285
3.3600000000000025,-3.28860285161,-3.44507307723,20.5162910636,5.98862640519,0.0999501617408,0.0,-2.79096093026,-4.06252681222,5.6129588117,-0.0998347611333,-0.0395517186382,0.0,470.10689205876014,470.03913111444587,469.5376985768339,471.2750873799761
3.4200000000000026,-3.45820370197,-3.69473796287,20.8541007525,5.98319714117,0.0974429440596,0.0,-2.86216972153,-4.26010672642,5.64658437078,-0.0763867244482,-0.0466795176629,0.0,469.61390145356484,469.0597124626952,468.1443036705998,469.9590387981289
3.4800000000000026,-3.6319673585,-3.95616040628,21.193177652,5.97895572207,0.0945618360351,0.0,-2.92971381638,-4.45437566804,5.65538590233,-0.0612198917579,-0.0508396724503,0.0,463.4497115549249,463.12122512042737,461.95403360194445,463.14504551202054
3.5400000000000027,-3.80959560728,-4.22887206669,21.5312553567,5.97571442144,0.092126059534,0.0,-2.99105642936,-4.63641540544,5.6136090347,-0.0425384629761,-0.0254754537675,0.0,446.2753984830445,448.3404848850662,447.3880710907404,448.9049347047079
3.6000000000000028,-3.99044739506,-4.51116640666,21.8623212724,5.97274946588,0.0902686778829,0.0,-3.03737287475,-4.77398031911,5.42257719513,-0.0689989880798,-0.0451370898421,0.0,397.71274818207763,395.9067008563146,396.24812741012397,393.805203555764
3.660000000000003,-4.17418598327,-4.80219836341,22.1831687664,5.96834049673,0.0876785108234,0.0,-3.08718345856,-4.92770417416,5.27267682465,-0.0844285282405,-0.0395000839364,0.0,408.75663224127345,409.2576050517175,410.76763825766653,409.39183160000175
3.720000000000003,-4.36118897386,-5.10360178836,22.4982032253,5.96322768419,0.0859561323177,0.0,-3.14613253814,-5.1196207365,5.22808796037,-0.0868305876635,-0.0129819903423,0.0,444.73438939923733,446.90131322899003,445.1167065966754,444.91407880472383
3.780000000000003,-4.55212613043,-5.41814430519,22.8150348416,5.95837032858,0.0850477292213,0.0,-3.21831023455,-5.36547971857,5.33160137975,-0.0712389426925,-0.0198489799527,0.0,493.25713759444864,492.749765923196,492.83450675038466,493.98115597464465
3.840000000000003,-4.74744323708,-5.74779386162,23.1386644587,5.95459486697,0.0844178630619,0.0,-3.29211472925,-5.62306245826,5.45455926816,-0.0500450113541,0.0036161542768,0.0,501.0747248107792,502.77816445901993,500.7623531840182,502.2995083985264
3.900000000000003,-4.9465361056,-6.09051893946,23.4622955727,5.95176801972,0.0844048610837,0.0,-3.34440457597,-5.80164842551,5.33322191379,-0.0418181560264,-0.00926593559837,0.0,427.29209050274886,426.1921491157144,425.68869016130174,426.39085322483623
3.960000000000003,-5.14884237474,-6.44430325128,23.7793446725,5.94947037721,0.0841491194348,0.0,-3.3991822479,-5.99165315905,5.23502228997,-0.0320436231602,0.00422788763342,0.0,433.6844273586882,434.81675051213676,433.78978799965574,434.60928261382503
4.020000000000002,-5.35453129031,-6.80990882288,24.0914196457,5.94751405006,0.0843406368649,0.0,-3.45718710763,-6.19561829753,5.1672098784,-0.0337532449215,0.00103499922062,0.0,445.42474883932414,445.16342221897946,444.18241820174296,444.04175014957536
4.080000000000001,-5.56375088452,-7.18798085954,24.3997769047,5.94528019873,0.0847520845754,0.0,-3.51686802787,-6.40720571816,5.11099234504,-0.0452941759641,0.0165077532522,0.0,448.421445733908,449.6768585316627,449.8208556873231,448.8843668259985
4.14,-5.77642587806,-7.57827343248,24.7030791158,5.94297336742,0.0863830788357,0.0,-3.57246984968,-6.60310075194,4.99899704936,-0.0274189756634,0.0427799760254,0.0,430.24581316101165,432.46527997955087,430.2147520008622,431.72521288247884
4.199999999999998,-5.9923477353,-7.97992386509,24.9982198096,5.94168739104,0.0894887850453,0.0,-3.62520795027,-6.7858507632,4.83923828805,-0.011558329764,0.0654407060908,0.0,413.3188153809693,415.3136272949922,413.88826682818967,415.2821963525457
4.259999999999997,-6.21160815005,-8.39307167406,25.2849762698,5.9406946255,0.0931343286498,0.0,-3.68381526736,-6.98624680214,4.71925259907,-0.029078999243,0.0492035042559,0.0,429.382164432547,428.0047645762274,428.2897775411365,426.79660549536044
4.319999999999996,-6.43474066535,-8.81939097773,25.5674324095,5.93856983354,0.0961331302526,0.0,-3.75420773333,-7.22478822856,4.69521754141,-0.0527454249572,0.0514890115444,0.0,461.4642643834741,461.64615278381626,460.7747634705868,458.89886549622264
4.379999999999995,-6.6618568594,-9.25907886238,25.8454243341,5.93547930024,0.0987865186469,0.0,-3.81661571671,-7.43213812284,4.57098655229,-0.0491447381326,0.0228726203872,0.0,430.3524954487894,427.9237883953241,427.96979313091765,428.2744336536173
4.439999999999993,-6.892898817,-9.71179534206,26.1171682176,5.93259603658,0.100411329316,0.0,-3.88495960071,-7.65902434009,4.48670537215,-0.0459589919418,0.0343889694719,0.0,442.02221571632714,442.9706942448089,443.04770452105095,443.30821439059895
4.499999999999992,-7.12803875404,-10.1781064391,26.383373178,5.92960092088,0.10282933474,0.0,-3.95327425311,-7.88533251464,4.3864063122,-0.0593229202009,0.0500703926941,0.0,437.21678625067074,438.52255641619377,439.49451886998327,438.383493793349
4.559999999999991,-7.36746787235,-10.6585933432,26.6447226169,5.92624384998,0.106240056118,0.0,-4.02798930551,-8.13151664419,4.3244970682,-0.0499433730937,0.0677776339639,0.0,451.95307021252336,453.3804800903921,451.74053015066477,452.4943511929889
4.6199999999999894,-7.6107157852,-11.1516004597,26.895846491,5.92291626,0.110661596579,0.0,-4.08065837825,-8.30308378562,4.046920525,-0.0697595500453,0.0834650432251,0.0,375.4470238364996,376.9717499567393,375.84908772887627,373.92000154454234
4.679999999999988,-7.85774304312,-11.6568099839,27.1349272479,5.91928197782,0.115976441588,0.0,-4.15401654801,-8.53801086853,3.92193395556,-0.0466518369244,0.09722744199,0.0,431.5605823825144,432.72769176427363,429.69005274952997,431.64218801902064
4.739999999999987,-8.1092920757,-12.1763562014,27.3666341147,5.91672338524,0.121902070054,0.0,-4.23143945047,-8.78093586932,3.80110529694,-0.0356388119488,0.101660448538,0.0,433.976203496243,434.35686540325173,433.4019654732098,434.32580133407185
4.799999999999986,-8.36610221605,-12.7121228219,27.5948757296,5.91421656459,0.128060729629,0.0,-4.3294234513,-9.07843127449,3.80557062627,-0.0583618908602,0.104541351064,0.0,476.92664140897034,477.1550345345846,477.7450678803677,476.00796536081407
4.859999999999984,-8.62858062864,-13.2649623064,27.8208216491,5.91061814379,0.134662794,0.0,-4.42038378608,-9.35028366375,3.72497228063,-0.0634079680973,0.119217087872,0.0,452.0409793618467,453.2327172801553,452.1274868616313,451.7181551719253
4.919999999999983,-8.8960514024,-13.8327286809,28.0378068671,5.90715646033,0.142029577277,0.0,-4.49586533372,-9.57629279078,3.50771553571,-0.0481999727678,0.129086645118,0.0,405.6493432606795,406.5500811624908,405.52280040341964,406.88432711434984
4.979999999999982,-9.1686698602,-14.4155460722,28.2449641165,5.90427988244,0.14958352661,0.0,-4.59202732767,-9.85176436549,3.39662448252,-0.0474340084035,0.118618082817,0.0,444.24313386754187,443.3980504402326,445.5533655381213,445.6146125620504
5.0399999999999805,-9.44655212889,-15.0135331022,28.4414448451,5.90112651291,0.15663077952,0.0,-4.6712783627,-10.082282561,3.1526781078,-0.0655223263411,0.115020953561,0.0,398.85132508761905,398.53665477771733,399.4099181875453,397.75395806118854
